    unsorted:	 5.005479434e-06 0.2021088263 0.8718063461 3.150811164 5.081362620 171.3472991 41.43286985 76.31758357 168.6377563 644.7491281 850.2543606 30773.63313 31373.15584 28532.38586 27701.21288 26858.14450 25604.42133 24584.00334 23842.33410 22618.66403 21751.81842 33430.03613 34822.22681 19014.16388 36977.33345 13104.94633 14722.70289 7087.373616 7985.959918 41039.29346 42312.69623 45695.40771 49105.34253 50327.45952 52860.89662 56145.39777 61930.79068 62902.36652 65961.48039 72441.71443 74593.40407 78405.14282 80620.81724 84601.78203 88567.87984 90410.49580 95688.20331 98795.30903 104097.7714 114828.9613 117935.7294 9165960.037
      sorted:	 5.005479434e-06 0.2021088263 0.8718063461 3.150811164 5.081362620 41.43286985 76.31758357 168.6377563 171.3472991 644.7491281 850.2543606 7087.373616 7985.959918 13104.94633 14722.70289 19014.16388 21751.81842 22618.66403 23842.33410 24584.00334 25604.42133 26858.14450 27701.21288 28532.38586 30773.63313 31373.15584 33430.03613 34822.22681 36977.33345 41039.29346 42312.69623 45695.40771 49105.34253 50327.45952 52860.89662 56145.39777 61930.79068 62902.36652 65961.48039 72441.71443 74593.40407 78405.14282 80620.81724 84601.78203 88567.87984 90410.49580 95688.20331 98795.30903 104097.7714 114828.9613 117935.7294 9165960.037
