    unsorted:	 0.007925405202 0.006349743528 0.03057145775 0.1196063633 0.2833826453 0.3755148062 171.3472991 121.5045117 198.8953980 872.1857153 91536.14566 91882.23029 90804.40918 90196.20541 86327.70176 87438.35576 84978.02527 96447.79708 97316.38876 98319.27820 99713.89926 79823.08441 79548.55385 77617.50275 77246.85317 104511.9704 106002.9798 107731.1537 70814.21762 112116.4338 113634.8300 63390.39078 62233.06769 118153.8061 123965.6337 125700.6887 126693.8590 4790.487693 5023.666823 8569.590511 49350.07344 14514.89659 31599.40844 18180.89041 33382.17520 24508.58751 133209.0777 135158.7519 146435.2822 151414.1541 164220.8453 165710.5847 171673.0918
      sorted:	 0.006349743528 0.007925405202 0.03057145775 0.1196063633 0.2833826453 0.3755148062 121.5045117 171.3472991 198.8953980 872.1857153 4790.487693 5023.666823 8569.590511 14514.89659 18180.89041 24508.58751 31599.40844 33382.17520 49350.07344 62233.06769 63390.39078 70814.21762 77246.85317 77617.50275 79548.55385 79823.08441 84978.02527 86327.70176 87438.35576 90196.20541 90804.40918 91536.14566 91882.23029 96447.79708 97316.38876 98319.27820 99713.89926 104511.9704 106002.9798 107731.1537 112116.4338 113634.8300 118153.8061 123965.6337 125700.6887 126693.8590 133209.0777 135158.7519 146435.2822 151414.1541 164220.8453 165710.5847 171673.0918
